vesselCount = 3
UT = 30595.953523052161
gameMode = CAREER
gameNull = False
gameCompatible = True
funds = 805913.65392074746
science = 39
reputationPercent = 24
ongoingContracts = 0
missionCurrentScore = 0
missionIsStarted = False
missionIsEnded = False
missionHistoryId = 00000000-0000-0000-0000-000000000000
missionExpansionVersion = 
saveMD5 = 9ccee6d2aac6b0e243355e8294beb94a
