vesselCount = 6
UT = 46283.616741764607
gameMode = CAREER
gameNull = False
gameCompatible = True
funds = 402268.9420916622
science = 29
reputationPercent = 30
ongoingContracts = 1
missionCurrentScore = 0
missionIsStarted = False
missionIsEnded = False
missionHistoryId = 00000000-0000-0000-0000-000000000000
missionExpansionVersion = 
saveMD5 = 2f969ccba6cc9ff3422aea0ceb38c8b3
