vesselCount = 5
UT = 47403.637405751746
gameMode = CAREER
gameNull = False
gameCompatible = True
funds = 414166.04143782309
science = 29
reputationPercent = 32
ongoingContracts = 0
missionCurrentScore = 0
missionIsStarted = False
missionIsEnded = False
missionHistoryId = 00000000-0000-0000-0000-000000000000
missionExpansionVersion = 
saveMD5 = 1b17c637456c4383b4dc4d76201f7632
