vesselCount = 5
UT = 32759.342896863298
gameMode = CAREER
gameNull = False
gameCompatible = True
funds = 885440.62095804862
science = 7
reputationPercent = 26
ongoingContracts = 2
missionCurrentScore = 0
missionIsStarted = False
missionIsEnded = False
missionHistoryId = 00000000-0000-0000-0000-000000000000
missionExpansionVersion = 
saveMD5 = 5abbfaf49fa547dfbbfc19f84b98b32f
