vesselCount = 6
UT = 49494.177034428227
gameMode = CAREER
gameNull = False
gameCompatible = True
funds = 176704.44181780337
science = 6
reputationPercent = 32
ongoingContracts = 5
missionCurrentScore = 0
missionIsStarted = False
missionIsEnded = False
missionHistoryId = 00000000-0000-0000-0000-000000000000
missionExpansionVersion = 
saveMD5 = 6683c93af33c7c6c32bde3efae10863f
