vesselCount = 6
UT = 51686.422132334177
gameMode = CAREER
gameNull = False
gameCompatible = True
funds = 251474.36871056078
science = 6
reputationPercent = 34
ongoingContracts = 4
missionCurrentScore = 0
missionIsStarted = False
missionIsEnded = False
missionHistoryId = 00000000-0000-0000-0000-000000000000
missionExpansionVersion = 
saveMD5 = 422526f43c239575e22b3f9727d8d37e
