vesselCount = 7
UT = 51580.073459813058
gameMode = CAREER
gameNull = False
gameCompatible = True
funds = 184502.44181780337
science = 6
reputationPercent = 32
ongoingContracts = 5
missionCurrentScore = 0
missionIsStarted = False
missionIsEnded = False
missionHistoryId = 00000000-0000-0000-0000-000000000000
missionExpansionVersion = 
saveMD5 = 0a1cf91187387c53289352a402fbb73a
