vesselCount = 5
UT = 48918.897034520312
gameMode = CAREER
gameNull = False
gameCompatible = True
funds = 425238.44144697837
science = 55
reputationPercent = 32
ongoingContracts = 0
missionCurrentScore = 0
missionIsStarted = False
missionIsEnded = False
missionHistoryId = 00000000-0000-0000-0000-000000000000
missionExpansionVersion = 
saveMD5 = 740e3e5b55a995a65d2574a1321bec25
