vesselCount = 6
UT = 55221.984045956924
gameMode = CAREER
gameNull = False
gameCompatible = True
funds = 253335.07088015677
science = 37
reputationPercent = 37
ongoingContracts = 9
missionCurrentScore = 0
missionIsStarted = False
missionIsEnded = False
missionHistoryId = 00000000-0000-0000-0000-000000000000
missionExpansionVersion = 
saveMD5 = 7f3d302703ce9e621c4ce7ff34c39901
